function A = TS_GetColorMAP
A = [...
%     0.12553           0     0.38385
% 0.13888           0     0.41758
% 0.15268           0     0.45266
% 0.16696           0     0.48899
% 0.18152           0     0.52647
% 0.19647           0     0.56498
% 0.2116           0     0.60443
% 0.22683           0     0.64465
% 0.24215           0     0.68549
% 0.25742           0     0.72675
% 0.27252           0     0.76828
% 0.28728           0     0.80963
% 0.30153           0     0.85043
% 0.31525           0     0.89056
% 0.32838           0     0.92997
% 0.34091           0     0.96861
% 0.35283           0           1
% 0.36414           0           1
% 0.37485           0           1
% 0.385           0           1
% 0.39461           0           1
% 0.40333           0           1
% 0.41094           0           1
% 0.41738           0           1
% 0.42276           0           1
% 0.42722           0           1
% 0.43075           0           1
% 0.43357           0           1
% 0.43573           0           1
% 0.43731           0           1
% 0.4385           0           1
% 0.43919           0           1
0.43923           0           1
0.43858           0           1
0.4371           0           1
0.43466           0           1
0.43138           0           1
0.42693           0           1
0.42128           0           1
0.41432           0           1
0.40587           0           1
0.39608           0           1
0.3851           0           1
0.3728           0           1
0.35893           0           1
0.34328           0           1
0.32538           0           1
0.30482           0           1
0.28074           0           1
% 0.25202           0           1
% 0.21624           0           1
% 0.1713           0           1
% 0.10957           0           1
% 0  0  1
0    0.087486           1
0     0.17651           1
0     0.23076           1
0     0.27295           1
0     0.30928           1
0     0.34246           1
0     0.37392           1
0     0.40439           1
0     0.43423           1
0     0.46378           1
0     0.49284           1
0     0.51993           1
0     0.54449           1
0     0.56694           1
0     0.58755           1
0     0.60667           1
0     0.62455           1
0     0.64145           1
0     0.65772           1
0     0.67358           1
0     0.68936           1
0     0.70538     0.98626
0      0.7215     0.95797
0      0.7373     0.92969
0      0.7525     0.90153
0     0.76693     0.87359
0     0.78049     0.84597
0     0.79312     0.81876
0     0.80481       0.792
0     0.81559     0.76578
0     0.82549     0.74012
0     0.83599     0.71495
0     0.84799     0.68994
0     0.86086      0.6648
0     0.87413     0.63943
0     0.88742     0.61378
0     0.90047     0.58791
0      0.9131     0.56199
0     0.92524     0.53621
0     0.93692     0.51094
0     0.94838     0.48668
0     0.95975     0.46268
0     0.97097     0.43772
0     0.98204     0.41155
0     0.99295     0.38397
0           1     0.35469
0           1     0.32328
0           1     0.28922
0           1     0.25156
0           1     0.20867
0           1     0.15701
0           1    0.084726
0  1  0
0.070549           1           0
0.25868           1           0
0.35581           1           0
0.42987           1           0
0.49208           1           0
0.54682           1           0
0.59625           1           0
0.64169           1           0
0.68392           1           0
0.7235           1           0
0.76077           1           0
0.79599           1           0
0.82972           1           0
0.86238           1           0
0.894           1           0
0.92461           1           0
0.9542           1           0
0.98277           1           0
1  1  0
1     0.99958           0
1     0.98719           0
1     0.97431           0
1     0.96087           0
1     0.94691           0
1     0.93247           0
1     0.91764           0
1     0.90244           0
1     0.88695           0
1     0.87121           0
1      0.8553           0
1     0.83924           0
1     0.82303           0
1     0.80656           0
1     0.78979           0
1      0.7727           0
1     0.75518           0
1     0.73732           0
1       0.719           0
1     0.70024           0
1     0.68101           0
1     0.66138           0
1     0.64127           0
1     0.62077           0
1     0.59981           0
1     0.57841           0
1     0.55655           0
1     0.53416           0
1     0.51123           0
1     0.48769           0
1     0.46344           0
1     0.43845           0
1     0.41263           0
1     0.38586           0
1       0.358           0
1     0.32871           0
1     0.29758           0
1     0.26396           0
1     0.22674           0
1      0.1838           0
1     0.12989           0
1    0.040256           0];